,0
0,1
1,1
2,0
3,1
4,1
5,1
6,1
7,1
8,1
9,0
10,0
11,1
12,0
13,1
14,0
15,0
16,1
17,1
18,1
19,1
20,1
21,1
22,0
23,1
24,1
25,0
26,0
27,1
28,1
29,1
30,0
31,1
32,1
33,0
34,1
35,1
36,1
37,1
38,1
39,1
40,1
41,1
42,1
43,1
44,1
45,1
46,0
47,0
48,1
49,1
50,1
51,1
52,1
53,0
54,0
55,1
56,1
57,0
58,0
59,1
60,1
61,1
62,0
63,1
64,1
65,1
66,1
67,0
68,0
69,1
70,1
71,1
72,1
73,1
74,1
75,0
76,1
77,0
78,1
79,0
80,1
81,1
82,1
83,0
84,1
85,0
86,0
87,1
88,1
89,1
90,1
91,1
92,1
93,0
94,0
95,0
96,1
97,1
98,0
99,1
100,1
101,1
102,1
103,0
104,1
105,0
106,1
107,1
108,1
109,1
110,1
111,1
112,0
113,1
114,1
115,0
116,1
117,1
118,0
119,0
120,1
121,1
122,1
123,1
124,0
125,0
126,1
127,1
128,0
129,0
130,1
131,1
132,0
133,1
134,1
135,1
136,1
137,1
138,0
139,1
140,1
141,0
142,1
143,1
144,1
145,1
146,0
147,1
148,0
149,0
150,1
151,1
152,1
153,1
154,1
155,1
156,1
157,1
158,1
159,1
160,0
161,1
162,1
163,1
164,1
165,1
166,0
167,1
168,0
169,0
170,1
171,0
172,1
173,1
174,0
175,0
176,1
177,1
178,1
179,1
180,1
181,0
182,0
183,0
184,1
185,1
186,1
187,1
188,0
189,1
190,0
191,0
192,1
193,0
194,1
195,1
196,1
197,1
198,1
199,1
200,1
201,0
202,0
203,1
204,0
205,1
206,0
207,1
208,1
209,0
210,1
211,1
212,1
213,1
214,1
215,1
216,1
217,0
218,1
219,1
220,1
221,1
222,1
223,1
224,1
225,1
226,0
227,1
228,0
229,1
230,1
231,1
232,0
233,0
234,0
235,0
236,1
237,1
238,0
239,1
240,1
241,1
242,0
243,1
244,1
245,1
246,1
247,1
248,1
249,1
250,0
251,0
252,0
253,1
254,1
255,0
256,1
257,1
258,0
259,1
260,0
261,1
262,1
263,0
264,1
265,0
266,1
267,1
268,0
269,1
270,1
271,1
272,1
273,0
274,1
275,1
276,1
277,0
278,0
279,1
280,1
281,0
282,1
283,1
284,0
285,1
286,1
287,1
288,0
289,0
290,1
291,1
292,1
293,1
294,1
295,1
296,1
297,0
298,1
299,1
300,1
301,0
302,1
303,0
304,0
305,1
306,0
307,1
308,1
309,1
310,1
311,0
312,1
313,1
314,0
315,1
316,1
317,1
318,1
319,0
320,1
321,1
322,0
323,1
324,1
325,1
326,1
327,1
328,0
329,0
330,1
331,1
332,1
333,1
334,0
335,1
336,1
337,1
338,1
339,1
340,1
341,1
342,1
343,0
344,1
345,1
346,0
347,1
348,1
349,0
350,1
351,1
352,1
353,0
354,1
355,1
356,1
357,1
358,0
359,1
360,1
361,1
362,0
363,1
364,1
365,0
366,1
367,1
368,0
369,1
370,0
371,1
372,1
373,1
374,1
375,1
376,1
377,0
378,0
379,1
380,1
381,1
382,0
383,0
384,0
385,1
386,1
387,1
388,0
389,1
390,0
391,1
392,1
393,1
394,1
395,1
396,0
397,1
398,0
399,1
400,1
401,1
402,1
403,1
404,1
405,1
406,1
407,1
408,1
409,0
410,1
411,1
412,0
413,1
414,0
415,1
416,1
417,1
418,1
419,1
420,0
421,0
422,0
423,0
424,0
425,1
426,1
427,0
428,1
429,1
430,1
431,0
432,1
433,1
434,1
435,0
436,1
437,0
438,0
439,0
440,1
441,1
442,0
443,0
444,1
445,1
446,1
447,1
448,1
449,1
450,1
451,1
452,1
453,1
454,1
455,0
456,1
457,0
458,1
459,0
460,1
461,1
462,0
463,1
464,1
465,1
466,1
467,1
468,1
469,0
470,1
471,1
472,1
473,1
474,1
475,0
476,1
477,1
478,0
479,1
480,1
481,0
482,0
483,1
484,1
485,0
486,1
487,1
488,1
489,1
490,1
491,0
492,0
493,1
494,1
495,1
496,1
497,1
498,1
499,0
500,0
501,0
502,1
503,1
504,1
505,1
506,1
507,1
508,1
509,1
510,1
511,1
512,0
513,1
514,0
515,1
516,0
517,1
518,1
519,1
520,1
521,1
522,1
523,1
524,1
525,1
526,1
527,0
528,0
529,0
530,1
531,1
532,1
533,1
534,1
535,1
536,1
537,1
538,1
539,1
540,1
541,1
542,1
543,0
544,1
545,1
546,1
547,1
548,1
549,0
550,1
551,1
552,1
553,1
554,1
555,1
556,1
557,0
558,1
559,1
560,1
561,1
562,1
563,1
564,0
565,1
566,0
567,1
568,0
569,1
570,1
571,1
572,0
573,1
574,0
575,1
576,1
577,0
578,1
579,1
580,1
581,1
582,0
583,1
584,1
585,0
586,1
587,1
588,0
589,1
590,1
591,1
592,1
593,1
594,1
595,1
596,1
597,1
598,1
599,0
600,1
601,1
602,1
603,1
604,0
605,1
606,1
607,1
608,1
609,1
610,0
611,1
612,0
613,1
614,1
615,1
616,1
617,1
618,0
619,1
620,1
621,1
622,1
623,0
624,1
625,1
626,1
627,1
628,1
629,0
630,0
631,1
632,0
633,1
634,1
635,0
636,0
637,1
638,1
639,1
640,1
641,1
642,0
643,1
644,1
645,0
646,1
647,1
648,1
649,1
650,1
651,1
652,0
653,0
654,1
655,1
656,1
657,1
658,1
659,1
660,1
661,0
662,1
663,0
664,0
665,0
666,1
667,1
668,1
669,1
670,0
671,1
672,0
673,0
674,1
675,0
676,1
677,1
678,0
679,0
680,1
681,0
682,0
683,1
684,1
685,1
686,1
687,1
688,1
689,0
690,1
691,1
692,0
693,1
694,0
695,0
696,1
697,1
698,1
699,1
700,1
701,1
702,1
703,1
704,1
705,0
706,0
707,0
708,1
709,0
710,0
711,1
712,1
713,1
714,1
715,0
716,1
717,1
718,0
719,1
720,1
721,1
722,1
723,0
724,1
725,0
726,1
727,1
728,1
729,0
730,1
731,1
732,1
733,0
734,1
735,1
736,1
737,0
738,1
739,1
740,1
741,0
742,1
743,1
744,1
745,1
746,1
747,1
748,1
749,1
750,1
751,0
752,0
753,1
754,1
755,1
756,1
757,1
758,1
759,1
760,1
761,0
762,1
763,1
764,0
765,1
766,1
767,1
768,1
769,0
770,0
771,1
772,1
773,1
774,1
775,0
776,1
777,1
778,1
779,1
780,0
781,0
782,1
783,1
784,1
785,1
786,1
787,1
788,0
789,1
790,1
791,1
792,0
793,1
794,1
795,0
796,1
797,1
798,0
799,1
800,0
801,1
802,1
803,1
804,1
805,1
806,1
807,1
808,0
809,1
810,1
811,1
812,1
813,1
814,0
815,1
816,1
817,1
818,1
819,1
820,1
821,1
822,0
823,1
824,1
825,0
826,1
827,1
828,1
829,1
830,1
831,0
832,1
833,0
834,1
835,1
836,1
837,0
838,0
839,1
840,0
841,1
842,1
843,1
844,1
845,0
846,0
847,1
848,1
849,1
850,0
851,0
852,0
853,1
854,1
855,0
856,1
857,0
858,1
859,1
860,1
861,1
862,1
863,1
864,0
865,1
866,1
867,1
868,1
869,1
870,1
871,1
872,1
873,1
874,1
875,0
876,1
877,1
878,0
879,1
880,1
881,1
882,0
883,1
884,1
885,1
886,1
887,1
888,1
889,0
890,1
891,1
892,1
893,1
894,1
895,1
896,1
897,1
898,0
899,1
900,1
901,0
902,0
903,1
904,1
905,0
906,1
907,1
908,0
909,1
910,1
911,1
912,0
913,1
914,0
915,1
916,0
917,1
918,0
919,0
920,1
921,1
922,1
923,0
924,0
925,1
926,1
927,1
928,1
929,0
930,0
931,1
932,1
933,1
934,1
935,1
936,1
937,1
938,0
939,1
940,1
941,0
942,1
943,1
944,1
945,1
946,1
947,1
948,1
949,1
950,1
951,1
952,1
953,1
954,0
955,1
956,1
957,1
958,1
959,0
960,0
961,1
962,0
963,0
964,1
965,1
966,1
967,1
968,1
969,1
970,0
971,1
972,1
973,1
974,1
975,1
976,1
977,0
978,0
979,0
980,1
981,1
982,1
983,1
984,1
985,1
986,0
987,0
988,0
989,0
990,1
991,1
992,1
993,0
994,1
995,1
996,0
997,1
998,1
999,1
1000,0
1001,1
1002,0
1003,0
1004,1
1005,1
1006,1
1007,1
1008,1
1009,1
1010,1
1011,1
1012,1
1013,0
1014,1
1015,1
1016,1
1017,0
1018,1
1019,0
1020,0
1021,1
1022,1
1023,1
1024,1
1025,1
1026,1
1027,0
1028,1
1029,0
1030,1
1031,1
1032,1
1033,0
1034,1
1035,0
1036,1
1037,1
1038,1
1039,1
1040,1
1041,0
1042,1
1043,0
1044,0
1045,1
1046,1
1047,0
1048,0
1049,1
1050,0
1051,1
1052,1
1053,0
1054,1
1055,1
1056,1
1057,0
1058,1
1059,1
1060,1
1061,1
1062,1
1063,0
1064,1
1065,1
1066,0
1067,1
1068,1
1069,1
1070,0
1071,1
1072,1
1073,1
1074,1
1075,1
1076,1
1077,1
1078,0
1079,1
1080,1
1081,1
1082,1
1083,1
1084,1
1085,1
1086,1
1087,1
1088,0
1089,0
1090,0
1091,0
1092,0
1093,1
1094,1
1095,1
1096,1
1097,0
1098,1
1099,1
1100,1
1101,1
1102,1
1103,0
1104,1
1105,1
1106,1
1107,1
1108,1
1109,1
1110,1
1111,1
1112,1
1113,1
1114,1
1115,1
1116,1
1117,0
1118,1
1119,1
1120,1
1121,1
1122,0
1123,1
1124,1
1125,1
1126,1
1127,0
1128,1
1129,1
1130,1
1131,1
1132,1
1133,1
1134,1
1135,1
1136,0
1137,0
1138,1
1139,1
1140,1
1141,0
1142,1
1143,0
1144,0
1145,1
1146,1
1147,1
1148,0
1149,1
1150,1
1151,1
1152,1
1153,1
1154,0
1155,1
1156,1
1157,0
1158,1
1159,1
1160,1
1161,0
1162,1
1163,1
1164,1
1165,1
1166,0
1167,1
1168,1
1169,1
1170,1
1171,1
1172,1
1173,0
1174,1
1175,1
1176,1
1177,1
1178,0
1179,1
1180,1
1181,0
1182,1
1183,0
1184,1
1185,0
1186,1
1187,0
1188,1
1189,1
1190,0
1191,1
1192,1
1193,1
1194,1
1195,1
1196,0
1197,1
1198,1
1199,1
1200,1
1201,1
1202,1
1203,1
1204,0
1205,1
1206,1
1207,1
1208,0
1209,0
1210,0
1211,1
1212,0
1213,1
1214,0
1215,1
1216,0
1217,0
1218,1
1219,0
1220,1
1221,0
1222,1
1223,0
1224,0
1225,1
1226,1
1227,1
1228,1
1229,1
1230,1
1231,1
1232,0
1233,1
1234,1
1235,1
1236,1
1237,1
1238,0
1239,1
1240,1
1241,0
1242,1
1243,0
1244,1
1245,1
1246,1
1247,0
1248,1
1249,1
1250,1
1251,1
1252,0
1253,0
1254,1
1255,1
1256,1
1257,0
1258,1
1259,1
1260,0
1261,1
1262,0
1263,1
1264,0
1265,1
1266,1
1267,1
1268,1
1269,1
1270,1
1271,1
1272,1
1273,1
1274,1
1275,1
1276,1
1277,1
1278,1
1279,0
1280,1
1281,1
1282,1
1283,1
1284,0
1285,1
1286,1
1287,0
1288,1
1289,0
1290,0
1291,0
1292,0
1293,1
1294,1
1295,1
1296,0
1297,1
1298,1
1299,0
1300,0
1301,1
1302,1
1303,0
1304,0
1305,0
1306,0
1307,1
1308,1
1309,1
1310,1
1311,0
1312,1
1313,0
1314,1
1315,0
1316,0
1317,1
1318,1
1319,1
1320,0
1321,0
1322,1
1323,1
1324,0
1325,0
1326,1
1327,1
1328,1
1329,1
1330,1
1331,1
1332,1
1333,1
1334,0
1335,1
1336,0
1337,1
1338,1
1339,1
1340,0
1341,1
1342,1
1343,0
1344,1
1345,1
1346,1
1347,1
1348,0
1349,1
1350,1
1351,1
1352,1
1353,0
1354,1
1355,0
1356,1
1357,1
1358,1
1359,1
1360,1
1361,1
1362,1
1363,0
1364,1
1365,1
1366,1
1367,0
1368,1
1369,0
1370,1
1371,1
1372,1
1373,1
1374,1
1375,1
1376,1
1377,0
1378,1
1379,0
1380,1
1381,1
1382,0
1383,1
1384,1
1385,1
1386,1
1387,1
1388,1
1389,1
1390,1
1391,1
1392,1
1393,1
1394,1
1395,0
1396,0
1397,1
1398,1
1399,1
1400,1
1401,1
1402,1
1403,0
1404,1
1405,1
1406,1
1407,1
1408,0
1409,1
1410,1
1411,1
1412,0
1413,1
1414,1
1415,1
1416,1
1417,0
1418,1
1419,1
1420,1
1421,1
1422,1
1423,1
1424,0
1425,1
1426,1
1427,1
1428,1
1429,1
1430,1
1431,1
1432,0
1433,1
1434,1
1435,0
1436,0
1437,1
1438,1
1439,1
1440,1
1441,1
1442,0
1443,1
1444,1
1445,1
1446,0
1447,1
